[[[ -2.4225,  -0.3060,  20.3490, 122.6295, 169.7535, 199.7925, 212.9760,
         224.9355],
        [ -1.9125,   5.9925,  34.5780, 149.2005, 174.2415, 218.9430, 222.0030,
         217.6935],
        [ 55.6665,  52.9890, 109.8540, 164.2200, 198.1350, 219.9885, 231.3105,
         218.9430],
        [137.7000, 147.5685, 173.9355, 185.6145, 214.0215, 250.6395, 243.0150,
         225.7770],
        [171.6150, 179.1120, 191.9640, 220.0395, 231.0555, 273.3600, 266.5005,
         240.3630],
        [187.1190, 193.6980, 217.2345, 227.1285, 244.9020, 267.4695, 276.3945,
         255.2550],
        [211.1145, 227.8170, 241.1025, 249.7470, 265.9650, 284.3250, 283.3050,
         264.2565],
        [235.3395, 255.4335, 258.5445, 261.7065, 275.4255, 263.3385, 266.3985,
         262.3440]], 
[[  4.0545,  99.6540, 167.1525, 208.0290, 262.6755, 262.3695, 262.4715,
         262.7010],
        [120.1305, 166.5660, 182.7075, 228.3015, 262.7265, 262.6500, 262.4970,
         262.5480],
        [181.0755, 188.0625, 217.9485, 262.4460, 262.8030, 262.6500, 262.7775,
         262.4715],
        [208.5900, 228.7860, 262.5225, 261.8595, 262.4205, 262.2675, 262.4715,
         262.4460],
        [262.4715, 262.6500, 261.9870, 262.0125, 262.2165, 262.5480, 262.3440,
         262.4205],
        [262.3695, 262.1400, 262.2930, 262.1655, 262.4205, 262.3950, 262.4460,
         262.4205],
        [262.3950, 262.3950, 262.3695, 262.2930, 262.3950, 262.5225, 262.3440,
         262.3695],
        [262.4715, 262.5225, 262.5480, 262.3950, 262.3185, 262.3695, 262.3695,
         262.3695]], 
[[  0.5355, 106.7430, 177.6075, 209.2275, 260.9925, 262.0380, 262.4715,
         262.4460],
        [126.9135, 158.2785, 186.0990, 227.9955, 262.0890, 263.1345, 262.5735,
         262.4970],
        [175.3635, 178.7550, 215.5005, 262.0890, 262.4970, 262.0380, 262.3950,
         262.4460],
        [211.0380, 227.9955, 261.2985, 261.7065, 262.3950, 262.3185, 262.1910,
         262.3695],
        [261.5280, 261.6300, 262.2930, 261.5280, 262.3185, 262.4460, 262.3440,
         262.3185],
        [262.4205, 261.7830, 262.3440, 262.3950, 262.5735, 262.5225, 262.4715,
         262.3950],
        [262.3950, 262.0125, 262.3950, 262.2930, 262.3695, 262.4205, 262.3950,
         262.3695],
        [262.4970, 262.3440, 262.3695, 262.5480, 262.3695, 262.3950, 262.3695,
         262.3950]]]
