[[[ -8.7625,  -2.2701,  21.3544, 125.3859, 170.0813, 200.1612, 213.0247,
         224.9460],
        [  4.1585,   6.6933,  45.4293, 149.2148, 175.6169, 218.6959, 221.6766,
         217.5195],
        [ 65.3711,  58.6805, 115.1384, 165.3537, 198.2818, 219.7504, 231.5964,
         218.8232],
        [136.2290, 151.2217, 174.9149, 185.1294, 213.4837, 250.7128, 243.0885,
         225.6807],
        [171.9444, 179.4871, 191.5767, 220.5851, 231.0069, 273.3776, 266.4678,
         240.4022],
        [187.3857, 193.7629, 217.4533, 227.0324, 244.8502, 267.4617, 276.3772,
         255.2324],
        [210.9577, 227.9979, 241.2676, 250.0519, 265.8786, 284.2069, 283.2531,
         264.2486],
        [235.3358, 255.4188, 258.5212, 261.7165, 275.4951, 263.3431, 266.4019,
         262.3372]],
[[ 10.2672, 104.4307, 167.9544, 207.8760, 262.6201, 262.4318, 262.4528,
         262.7006],
        [122.3245, 167.2626, 183.4256, 228.5700, 262.6939, 262.6367, 262.4864,
         262.5359],
        [181.3357, 188.8585, 217.8163, 262.4329, 262.8118, 262.6721, 262.7412,
         262.4307],
        [208.6229, 228.7278, 262.5294, 261.9207, 262.3736, 262.3138, 262.4180,
         262.4375],
        [262.5091, 262.8171, 262.0880, 262.0567, 262.1762, 262.5139, 262.3381,
         262.3960],
        [262.4311, 262.1274, 262.3359, 262.1779, 262.3964, 262.3899, 262.4511,
         262.4269],
        [262.3640, 262.4264, 262.3572, 262.3134, 262.3846, 262.4900, 262.3303,
         262.3756],
        [262.4276, 262.5207, 262.5486, 262.4119, 262.3149, 262.3793, 262.3850,
         262.3674]],
[[ -9.2217, 109.3846, 177.4347, 208.8366, 261.1908, 262.0237, 262.3480,
         262.3815],
        [131.2814, 158.0557, 186.4167, 228.0134, 262.0807, 263.2052, 262.5787,
         262.4584],
        [176.4933, 179.1856, 215.7815, 262.0219, 262.6617, 262.0576, 262.4048,
         262.3978],
        [210.2717, 228.3667, 261.3774, 261.7893, 262.4128, 262.3839, 262.1237,
         262.3653],
        [261.7148, 261.8261, 262.2535, 261.5028, 262.3264, 262.3679, 262.3580,
         262.3029],
        [262.3325, 261.8164, 262.4128, 262.4234, 262.6068, 262.5043, 262.4546,
         262.4039],
        [262.4429, 262.0346, 262.3594, 262.3792, 262.3781, 262.4518, 262.3955,
         262.3676],
        [262.5381, 262.3058, 262.3789, 262.4988, 262.3607, 262.4182, 262.3693,
         262.3864]]]
