last val
tensor([[[  2.1892,   3.2010, 132.3446, 212.0517, 240.4434, 243.0960, 249.7252,
          244.9373],
         [ -2.4098,  78.2311, 198.2053, 225.8803, 237.4982, 245.3177, 241.0461,
          248.4632],
         [196.7682, 212.8799, 221.6556, 233.8261, 247.7827, 241.3125, 246.8608,
          248.4424],
         [230.1834, 225.6451, 236.8109, 240.5055, 246.7206, 240.3770, 246.3901,
          246.4455],
         [225.4785, 239.0534, 245.0015, 242.5992, 242.8776, 238.7435, 243.2440,
          247.7405],
         [244.6262, 238.0886, 243.0833, 248.4855, 246.1259, 241.1374, 245.4714,
          247.3634],
         [248.2605, 240.3548, 244.2762, 246.5253, 243.2981, 240.2132, 240.1653,
          239.2352],
         [240.5386, 239.3789, 239.5409, 244.6318, 247.8607, 249.1559, 244.1317,
          247.0970]],

        [[ 11.0390, 194.0853, 234.2463, 245.5011, 244.5083, 246.8858, 245.9544,
          241.4067],
         [193.4757, 227.8170, 241.2614, 242.7060, 241.9769, 244.0984, 243.1862,
          246.3448],
         [243.0006, 239.4079, 240.0857, 246.2368, 248.8733, 239.3342, 244.4729,
          240.9535],
         [242.1900, 244.4024, 242.5691, 244.8635, 242.3095, 247.2887, 239.3280,
          248.2455],
         [245.1723, 246.0589, 243.0073, 247.2096, 247.0097, 247.5428, 245.2568,
          248.8583],
         [239.4788, 239.8405, 240.7943, 241.7752, 243.5806, 242.5092, 245.4019,
          247.3911],
         [246.6783, 241.3078, 241.9742, 241.0522, 246.7464, 245.7726, 245.7071,
          244.6346],
         [241.0934, 239.9620, 239.8604, 243.1454, 240.5586, 243.7189, 242.4557,
          241.6281]],

        [[ 14.7651, 181.5620, 233.5097, 242.4261, 239.9535, 246.0137, 246.5890,
          240.8285],
         [192.2757, 218.5069, 244.1285, 238.7493, 243.6376, 243.8576, 238.4741,
          245.3610],
         [237.9167, 241.1221, 239.2068, 247.9050, 243.4030, 245.9139, 246.9001,
          245.6726],
         [247.0051, 242.6260, 244.4986, 241.0378, 245.4143, 244.4478, 241.3347,
          241.8022],
         [243.9013, 245.8136, 241.9175, 238.9030, 244.0458, 247.6991, 247.7860,
          247.3253],
         [241.7992, 243.2741, 240.5029, 240.7580, 247.1026, 242.7759, 246.6653,
          244.7557],
         [243.1929, 244.5014, 239.8783, 242.3790, 241.7444, 239.4970, 242.6028,
          246.2433],
         [240.5460, 241.4933, 242.8194, 244.7963, 243.6357, 242.8591, 245.2247,
          243.7165]]], device='cuda:0')
val Loss: 2.3707 Acc: 0.6620



Best val Acc: 0.816901
--------- the trained quantize table ---------
Y tensor([[ 26.3444,  70.9907, 102.9841, 119.7382, 144.4869, 143.3395, 147.7961,
         142.5507],
        [ 69.6534, 102.1401, 119.1634, 130.3036, 139.1931, 143.5637, 138.6537,
         146.0651],
        [129.0758, 130.5066, 129.5557, 138.0684, 145.6271, 139.6750, 144.7662,
         146.3457],
        [131.9606, 125.9279, 136.0265, 139.4390, 143.8052, 137.5574, 144.0735,
         144.0716],
        [128.1789, 137.9357, 142.4337, 140.2804, 140.5642, 136.3012, 140.9077,
         145.2758],
        [143.1401, 136.2077, 140.5034, 146.3436, 143.8339, 138.8329, 143.1426,
         145.0235],
        [146.6637, 138.8660, 142.0762, 144.2589, 140.9227, 137.9844, 137.8112,
         136.9010],
        [137.8426, 136.9198, 137.1328, 142.4549, 145.5630, 146.8801, 141.7933,
         144.7598]], device='cuda:0')
Cb tensor([[ 68.9281, 125.5593, 135.7558, 143.6864, 142.7899, 144.1987, 143.6501,
         139.0429],
        [127.6738, 128.7648, 139.1710, 140.8876, 139.3522, 141.5907, 140.8725,
         143.8835],
        [140.4495, 138.4274, 138.5112, 143.6092, 145.8604, 137.0477, 142.2388,
         138.5760],
        [140.7518, 142.7343, 139.7995, 142.3969, 139.6840, 144.7962, 137.1500,
         145.9157],
        [141.8056, 143.8177, 140.6266, 145.2278, 144.8062, 145.1691, 142.9190,
         146.4289],
        [137.7510, 137.7966, 138.2992, 139.6395, 141.2526, 140.1386, 143.0859,
         145.0969],
        [144.3303, 139.0814, 139.7336, 138.6383, 144.3693, 143.4383, 143.3618,
         142.3309],
        [138.7661, 137.5688, 137.4466, 140.8589, 138.2337, 141.3310, 140.1020,
         139.3069]], device='cuda:0')
Cr tensor([[ 30.4915, 120.9974, 137.4441, 141.6893, 137.2204, 144.1400, 144.3368,
         138.5094],
        [119.0524, 130.2901, 145.9497, 136.6328, 141.3628, 141.3988, 136.1337,
         143.1119],
        [139.5199, 142.0582, 136.6183, 145.9073, 140.9122, 143.5761, 144.4751,
         143.3401],
        [143.2071, 139.9147, 142.7383, 138.4679, 142.7695, 142.0632, 138.9950,
         139.4943],
        [142.3034, 143.8198, 140.2424, 136.5738, 141.7160, 145.3824, 145.3519,
         145.0331],
        [139.4043, 140.8995, 138.1072, 138.4508, 144.6949, 140.4563, 144.3842,
         142.3971],
        [140.7594, 142.0374, 137.6036, 140.0037, 139.4983, 137.1642, 140.2829,
         143.9263],
        [138.1492, 139.1602, 140.5410, 142.5397, 141.2699, 140.5254, 142.8876,
         141.3597]], device='cuda:0')
